             o  ,    o  ,                                      MASON, MI                               Astronomical Applications Dept.
Location: W084 26, N42 35                               Civil Twilight for 2021                        U. S. Naval Observatory        
                                                                                                       Washington, DC  20392-5420     
                                                      Zone:  5h West of Greenwich                                                     
                                                                                                                                      
                                                                                                                                      
       Jan.       Feb.       Mar.       Apr.       May        June       July       Aug.       Sept.      Oct.       Nov.       Dec.  
Day Begin End  Begin End  Begin End  Begin End  Begin End  Begin End  Begin End  Begin End  Begin End  Begin End  Begin End  Begin End
     h m  h m   h m  h m   h m  h m   h m  h m   h m  h m   h m  h m   h m  h m   h m  h m   h m  h m   h m  h m   h m  h m   h m  h m
01  0736 1747  0722 1822  0645 1856  0551 1933  0501 2009  0429 2043  0429 2054  0458 2029  0534 1940  0607 1847  0643 1759  0717 1737
02  0736 1748  0721 1823  0643 1857  0549 1934  0500 2010  0428 2044  0430 2054  0459 2028  0535 1939  0608 1845  0644 1758  0718 1737
03  0736 1749  0720 1824  0641 1858  0548 1935  0458 2012  0427 2045  0431 2053  0500 2027  0536 1937  0609 1843  0645 1757  0719 1736
04  0736 1750  0718 1825  0640 1900  0546 1936  0457 2013  0427 2046  0431 2053  0502 2025  0537 1935  0610 1841  0646 1756  0720 1736
05  0736 1751  0717 1827  0638 1901  0544 1937  0456 2014  0427 2046  0432 2053  0503 2024  0538 1933  0611 1840  0647 1755  0721 1736
06  0736 1752  0716 1828  0636 1902  0542 1939  0454 2015  0426 2047  0433 2052  0504 2022  0540 1931  0613 1838  0648 1754  0722 1736
07  0736 1753  0715 1829  0635 1903  0541 1940  0453 2016  0426 2048  0433 2052  0505 2021  0541 1930  0614 1836  0650 1753  0722 1736
08  0736 1754  0714 1830  0633 1904  0539 1941  0452 2018  0426 2048  0434 2051  0506 2020  0542 1928  0615 1835  0651 1752  0723 1736
09  0735 1755  0713 1832  0631 1906  0537 1942  0450 2019  0425 2049  0435 2051  0507 2018  0543 1926  0616 1833  0652 1751  0724 1736
10  0735 1756  0712 1833  0630 1907  0535 1943  0449 2020  0425 2050  0436 2050  0509 2017  0544 1924  0617 1831  0653 1750  0725 1736
11  0735 1757  0710 1834  0628 1908  0534 1945  0448 2021  0425 2050  0437 2050  0510 2015  0545 1922  0618 1830  0654 1749  0726 1736
12  0735 1758  0709 1835  0626 1909  0532 1946  0447 2022  0425 2051  0437 2049  0511 2014  0546 1921  0619 1828  0656 1748  0727 1737
13  0734 1759  0708 1837  0625 1910  0530 1947  0445 2024  0425 2051  0438 2048  0512 2012  0547 1919  0620 1827  0657 1747  0727 1737
14  0734 1800  0707 1838  0623 1911  0528 1948  0444 2025  0425 2052  0439 2048  0513 2011  0548 1917  0622 1825  0658 1746  0728 1737
15  0734 1801  0705 1839  0621 1913  0527 1949  0443 2026  0425 2052  0440 2047  0514 2009  0550 1915  0623 1823  0659 1745  0729 1737
16  0733 1802  0704 1840  0619 1914  0525 1951  0442 2027  0425 2053  0441 2046  0516 2007  0551 1913  0624 1822  0700 1744  0729 1738
17  0733 1804  0702 1842  0618 1915  0523 1952  0441 2028  0425 2053  0442 2045  0517 2006  0552 1912  0625 1820  0701 1744  0730 1738
18  0732 1805  0701 1843  0616 1916  0522 1953  0440 2029  0425 2053  0443 2044  0518 2004  0553 1910  0626 1819  0703 1743  0731 1738
19  0732 1806  0700 1844  0614 1917  0520 1954  0439 2030  0425 2054  0444 2044  0519 2003  0554 1908  0627 1817  0704 1742  0731 1739
20  0731 1807  0658 1845  0612 1918  0518 1956  0438 2031  0425 2054  0445 2043  0520 2001  0555 1906  0628 1816  0705 1742  0732 1739
21  0731 1808  0657 1846  0611 1920  0517 1957  0437 2033  0425 2054  0446 2042  0521 1959  0556 1904  0630 1814  0706 1741  0732 1740
22  0730 1809  0655 1848  0609 1921  0515 1958  0436 2034  0425 2054  0447 2041  0523 1958  0557 1903  0631 1813  0707 1740  0733 1740
23  0729 1811  0654 1849  0607 1922  0514 1959  0435 2035  0426 2054  0448 2040  0524 1956  0558 1901  0632 1811  0708 1740  0733 1741
24  0728 1812  0652 1850  0605 1923  0512 2000  0434 2036  0426 2054  0449 2039  0525 1954  0559 1859  0633 1810  0709 1739  0734 1741
25  0728 1813  0651 1851  0604 1924  0510 2002  0433 2037  0426 2054  0450 2038  0526 1953  0601 1857  0634 1809  0710 1739  0734 1742
26  0727 1814  0649 1852  0602 1926  0509 2003  0433 2038  0427 2054  0451 2036  0527 1951  0602 1855  0635 1807  0711 1738  0734 1743
27  0726 1815  0648 1854  0600 1927  0507 2004  0432 2039  0427 2054  0452 2035  0528 1949  0603 1854  0637 1806  0713 1738  0735 1743
28  0725 1817  0646 1855  0558 1928  0506 2005  0431 2040  0428 2054  0454 2034  0529 1947  0604 1852  0638 1805  0714 1738  0735 1744
29  0724 1818             0556 1929  0504 2007  0430 2041  0428 2054  0455 2033  0531 1946  0605 1850  0639 1803  0715 1737  0735 1745
30  0723 1819             0555 1930  0503 2008  0430 2041  0429 2054  0456 2032  0532 1944  0606 1848  0640 1802  0716 1737  0735 1746
31  0723 1820             0553 1931             0429 2042             0457 2030  0533 1942             0641 1801             0736 1746

Add one hour for daylight time, if and when in use.
